303.0 0.0
303.202 0.0
303.404 0.0
303.60600000000005 0.0
303.808 0.0
304.01 0.0
304.212 0.0
304.414 0.0
304.61600000000004 0.0
304.81800000000004 0.0
305.02 0.0
305.222 0.0
305.424 0.0
305.62600000000003 0.0
305.82800000000003 0.0
306.03000000000003 0.0
306.23199999999997 0.0
306.43399999999997 0.0
306.636 0.0
306.838 0.0
307.04 0.0
307.242 0.0
307.44399999999996 0.0
307.646 0.0
307.848 0.0
308.05 0.0
308.252 0.0
308.454 0.0
308.656 0.0
308.858 0.0
309.06 0.0
309.262 0.0
309.464 0.0
309.66600000000005 0.0
309.868 0.0
310.07 0.0
310.272 0.0
310.474 0.0
310.67600000000004 0.0
310.878 0.0
311.08 0.0
311.282 0.0
311.484 0.0
311.68600000000004 0.0
311.88800000000003 0.0
312.09 0.0
312.292 0.0
312.49399999999997 0.0
312.696 0.0
312.898 0.0
313.1 0.0
313.30199999999996 0.0
313.50399999999996 0.0
313.706 0.0
313.908 0.0
314.11 0.0
314.312 0.0
314.51399999999995 0.0
314.716 0.0
314.918 0.0
315.12 0.0
315.322 0.0
315.524 0.0
315.726 0.0
315.928 0.0
316.13 0.0
316.332 0.0
316.534 0.0
316.73600000000005 0.0
316.938 0.0
317.14 0.0
317.342 0.0
317.544 0.0
317.74600000000004 0.0
317.94800000000004 0.0
318.15 0.0
318.352 0.0
318.554 0.0
318.75600000000003 0.0
318.958 0.0
319.16 0.0
319.36199999999997 0.0
319.56399999999996 0.0
319.766 0.0
319.968 0.0
320.17 0.0
320.372 0.0
320.57399999999996 0.0
320.776 0.0
320.978 0.0
321.18 0.0
321.382 0.0
321.584 0.0
321.786 0.0
321.988 0.0
322.19 0.0
322.392 0.0
322.594 0.0
322.79600000000005 0.0
322.998 0.0
323.2 0.0
323.402 0.0
323.604 0.0
323.80600000000004 0.0
324.00800000000004 0.0
324.21 0.0
324.412 0.0
324.614 0.0
324.81600000000003 0.0
325.01800000000003 0.0
325.22 0.0
325.42199999999997 0.0
325.62399999999997 0.0
325.826 0.0
326.028 0.0
326.23 0.0
326.432 0.0
326.63399999999996 0.0
326.836 0.0
327.038 0.0
327.24 0.0
327.442 0.0
327.644 0.0
327.846 0.0
328.048 0.0
328.25 0.0
328.452 0.0
328.654 0.0
328.85600000000005 0.0
329.058 0.0
329.26 0.0
329.462 0.0
329.664 0.0
329.86600000000004 0.0
330.06800000000004 0.0
330.27 0.0
330.472 0.0
330.674 0.0
330.87600000000003 0.0
331.07800000000003 0.0
331.28000000000003 0.0
331.48199999999997 0.0
331.68399999999997 0.0
331.886 0.0
332.088 0.0
332.29 0.0
332.492 0.0
332.69399999999996 0.0
332.896 0.0
333.098 0.0
333.3 0.0
333.502 0.0
333.704 0.0
333.906 0.0
334.108 0.0
334.31 0.0
334.512 0.0
334.714 0.0
334.91600000000005 0.0
335.118 0.0
335.32 0.0
335.522 0.0
335.724 0.0
335.92600000000004 0.0
336.12800000000004 0.0
336.33 0.0
336.532 0.0
336.734 0.0
336.93600000000004 0.0
337.13800000000003 0.0
337.34 0.0
337.542 0.0
337.74399999999997 0.0
337.946 0.0
338.148 0.0
338.35 0.0
338.55199999999996 0.0
338.75399999999996 0.0
338.956 0.0
339.158 0.0
339.36 0.0
339.562 0.0
339.76399999999995 0.0
339.966 0.0
340.168 0.0
340.37 0.0
340.572 0.0
340.774 0.0
340.976 0.0
341.178 0.0
341.38 0.0
341.582 0.0
341.784 0.0
341.98600000000005 0.0
342.188 0.0
342.39 0.0
342.592 0.0
342.794 0.0
342.99600000000004 0.0
343.19800000000004 0.0
343.4 0.0
343.602 0.0
343.804 0.0
344.00600000000003 0.0
344.208 0.0
344.41 0.0
344.61199999999997 0.0
344.81399999999996 0.0
345.016 0.0
345.218 0.0
345.42 0.0
345.622 0.0
345.82399999999996 0.0
346.026 0.0
346.228 0.0
346.43 0.0
346.632 0.0
346.834 0.0
347.036 0.0
347.238 0.0
347.44 0.0
347.642 0.0
347.844 0.0
348.04600000000005 0.0
348.248 0.0
348.45 0.0
348.652 0.0
348.854 0.0
349.05600000000004 0.0
349.25800000000004 0.0
349.46 0.0
349.662 0.0
349.864 0.0
350.06600000000003 0.0
350.26800000000003 0.0
350.47 0.0
350.67199999999997 0.0
350.87399999999997 0.0
351.076 0.0
351.278 0.0
351.48 0.0
351.682 0.0
351.88399999999996 0.0
352.086 0.0
352.288 0.0
352.49 0.0
352.692 0.0
352.894 0.0
353.096 0.0
353.298 0.0
353.5 0.0
353.702 0.0
353.904 0.0
354.10600000000005 0.0
354.308 0.0
354.51 0.0
354.712 0.0
354.914 0.0
355.11600000000004 0.0
355.31800000000004 0.0
355.52 0.0
355.722 0.0
355.924 0.0
356.12600000000003 0.0
356.32800000000003 0.0
356.53000000000003 0.0
356.73199999999997 0.0
356.93399999999997 0.0
357.136 0.0
357.338 0.0
357.54 0.0
357.742 0.0
357.94399999999996 0.0
358.146 0.0
358.348 0.0
358.55 0.0
358.752 0.0
358.954 0.0
359.156 0.0
359.358 0.0
359.56 0.0
359.762 0.0
359.964 0.0
360.16600000000005 0.0
360.368 0.0
360.57 0.0
360.772 0.0
360.974 0.0
361.17600000000004 0.0
361.37800000000004 0.0
361.58 0.0
361.782 0.0
361.984 0.0
362.18600000000004 0.0
362.38800000000003 0.0
362.59 0.0
362.792 0.0
362.99399999999997 0.0
363.196 0.0
363.398 0.0
363.6 0.0
363.80199999999996 0.0
364.00399999999996 0.0
364.206 0.0
364.408 0.0
364.61 0.0
364.812 0.0
365.01399999999995 0.0
365.216 0.0
365.418 0.0
365.62 0.0
365.822 0.0
366.024 0.0
366.226 0.0
366.428 0.0
366.63 0.0
366.832 0.0
367.034 0.0
367.23600000000005 0.0
367.438 0.0
367.64 0.0
367.842 0.0
368.044 0.0
368.24600000000004 0.0
368.44800000000004 0.0
368.65 0.0
368.852 0.0
369.054 0.0
369.25600000000003 0.0
369.458 0.0
369.66 0.0
369.86199999999997 0.0
370.06399999999996 0.0
370.266 0.0
370.468 0.0
370.67 0.0
370.872 0.0
371.07399999999996 0.0
371.276 0.0
371.478 0.0
371.68 0.0
371.882 0.0
372.084 0.0
372.286 0.0
372.488 0.0
372.69 0.0
372.892 0.0
373.094 0.0
373.29600000000005 0.0
373.498 0.0
373.7 0.0
373.902 0.0
374.104 0.0
374.30600000000004 0.0
374.50800000000004 0.0
374.71 0.0
374.912 0.0
375.114 0.0
375.31600000000003 0.0
375.51800000000003 0.0
375.72 0.0
375.92199999999997 0.0
376.12399999999997 0.0
376.326 0.0
376.528 0.0
376.73 0.0
376.932 0.0
377.13399999999996 0.0
377.336 0.0
377.538 0.0
377.74 0.0
377.942 0.0
378.144 0.0
378.346 0.0
378.548 0.0
378.75 0.0
378.952 0.0
379.154 0.0
379.35600000000005 0.0
379.558 0.0
379.76 0.0
379.962 0.0
380.164 0.0
380.36600000000004 0.0
380.56800000000004 0.0
380.77 0.0
380.972 0.0
381.174 0.0
381.37600000000003 0.0
381.57800000000003 0.0
381.78000000000003 0.0
381.98199999999997 0.0
382.18399999999997 0.0
382.386 0.0
382.588 0.0
382.79 0.0
382.992 0.0
383.19399999999996 0.0
383.396 0.0
383.598 0.0
383.8 0.0
384.002 0.0
384.204 0.0
384.406 0.0
384.608 0.0
384.81 0.0
385.012 0.0
385.214 0.0
385.41600000000005 0.0
385.618 0.0
385.82 0.0
386.022 0.0
386.224 0.0
386.42600000000004 0.0
386.62800000000004 0.0
386.83 0.0
387.032 0.0
387.234 0.0
387.43600000000004 0.0
387.63800000000003 0.0
387.84000000000003 0.0
388.042 0.0
388.24399999999997 0.0
388.446 0.0
388.648 0.0
388.85 0.0
389.05199999999996 0.0
389.25399999999996 0.0
389.456 0.0
389.658 0.0
389.86 0.0
390.062 0.0
390.26399999999995 0.0
390.466 0.0019
390.668 0.0056
390.87 0.0094
391.072 0.0131
391.274 0.0169
391.476 0.0207
391.678 0.0244
391.88 0.0282
392.082 0.0319
392.284 0.0357
392.48600000000005 0.0394
392.688 0.0432
392.89 0.0469
393.092 0.0507
393.294 0.0545
393.49600000000004 0.0582
393.69800000000004 0.062
393.9 0.0657
394.102 0.0695
394.304 0.0732
394.50600000000003 0.077
394.708 0.0808
394.91 0.0845
395.11199999999997 0.0883
395.31399999999996 0.092
395.516 0.0977
395.718 0.1052
395.92 0.1127
396.122 0.1202
396.32399999999996 0.1277
396.526 0.1352
396.728 0.1427
396.93 0.1502
397.132 0.1578
397.334 0.1653
397.536 0.1728
397.738 0.1803
397.94 0.1878
398.142 0.1953
398.344 0.2028
398.54600000000005 0.2103
398.748 0.2178
398.95 0.2254
399.152 0.2329
399.354 0.2404
399.55600000000004 0.2479
399.75800000000004 0.2554
399.96 0.2629
400.162 0.2704
400.364 0.2779
400.56600000000003 0.2855
400.76800000000003 0.293
400.97 0.3005
401.17199999999997 0.308
401.37399999999997 0.3155
401.576 0.323
401.778 0.3305
401.98 0.338
402.182 0.3456
402.38399999999996 0.3531
402.586 0.3606
402.788 0.3681
402.99 0.3756
403.192 0.3831
403.394 0.3906
403.596 0.3981
403.798 0.4056
404.0 0.4132
404.202 0.4207
404.404 0.4282
404.60600000000005 0.4357
404.808 0.4432
405.01 0.4507
405.212 0.4582
405.414 0.4657
405.61600000000004 0.4733
405.81800000000004 0.4808
406.02 0.4883
406.222 0.4958
406.424 0.5033
406.62600000000003 0.5108
406.82800000000003 0.5183
407.03000000000003 0.5258
407.23199999999997 0.5334
407.43399999999997 0.5409
407.636 0.5484
407.838 0.5559
408.04 0.5634
408.242 0.5709
408.44399999999996 0.5784
408.646 0.5859
408.848 0.5934
409.05 0.601
409.252 0.6085
409.454 0.616
409.656 0.6235
409.858 0.631
410.06 0.6385
410.262 0.646
410.464 0.6535
410.66600000000005 0.6611
410.868 0.6686
411.07 0.6761
411.272 0.6836
411.474 0.6911
411.67600000000004 0.6986
411.87800000000004 0.7061
412.08 0.7136
412.282 0.7212
412.484 0.7287
412.68600000000004 0.7362
412.88800000000003 0.7437
413.09000000000003 0.7512
413.292 0.7587
413.49399999999997 0.7662
413.696 0.7737
413.898 0.7812
414.1 0.7888
414.30199999999996 0.7963
414.50399999999996 0.8038
414.706 0.8113
414.908 0.8188
415.11 0.8263
415.312 0.8338
415.51399999999995 0.8413
415.716 0.8489
415.918 0.8564
416.12 0.8639
416.322 0.8714
416.524 0.8761
416.726 0.8798
416.928 0.8836
417.13 0.8874
417.332 0.8911
417.534 0.8949
417.73600000000005 0.8986
417.938 0.9024
418.14 0.9061
418.342 0.9099
418.544 0.9136
418.74600000000004 0.9174
418.94800000000004 0.9212
419.15 0.9249
419.352 0.9287
419.554 0.9324
419.75600000000003 0.9362
419.958 0.939
420.16 0.939
420.36199999999997 0.939
420.56399999999996 0.939
420.766 0.939
420.968 0.939
421.17 0.939
421.372 0.939
421.57399999999996 0.939
421.776 0.939
421.978 0.939
422.18 0.939
422.382 0.939
422.584 0.939
422.786 0.939
422.988 0.939
423.19 0.939
423.392 0.939
423.594 0.939
423.79600000000005 0.939
423.998 0.939
424.2 0.939
424.402 0.939
424.604 0.939
424.80600000000004 0.939
425.00800000000004 0.939
425.21 0.939
425.412 0.939
425.614 0.939
425.81600000000003 0.939
426.01800000000003 0.939
426.22 0.939
426.42199999999997 0.939
426.62399999999997 0.939
426.826 0.939
427.028 0.939
427.23 0.939
427.432 0.939
427.63399999999996 0.939
427.836 0.939
428.038 0.939
428.24 0.939
428.442 0.939
428.644 0.939
428.846 0.939
429.048 0.939
429.25 0.939
429.452 0.939
429.654 0.939
429.85600000000005 0.939
430.058 0.939
430.26 0.939
430.462 0.939
430.664 0.939
430.86600000000004 0.939
431.06800000000004 0.939
431.27 0.939
431.472 0.939
431.674 0.939
431.87600000000003 0.939
432.07800000000003 0.939
432.28000000000003 0.939
432.48199999999997 0.939
432.68399999999997 0.939
432.886 0.939
433.088 0.939
433.29 0.939
433.492 0.939
433.69399999999996 0.939
433.896 0.939
434.098 0.939
434.3 0.939
434.502 0.939
434.704 0.939
434.906 0.939
435.108 0.939
435.31 0.939
435.512 0.939
435.714 0.939
435.91600000000005 0.939
436.118 0.939
436.32 0.939
436.522 0.939
436.724 0.939
436.92600000000004 0.939
437.12800000000004 0.939
437.33 0.939
437.532 0.939
437.734 0.939
437.93600000000004 0.939
438.13800000000003 0.939
438.34000000000003 0.939
438.542 0.939
438.74399999999997 0.939
438.946 0.939
439.148 0.939
439.35 0.939
439.55199999999996 0.939
439.75399999999996 0.939
439.956 0.939
440.158 0.939
440.36 0.939
440.562 0.939
440.76399999999995 0.939
440.966 0.939
441.168 0.939
441.37 0.939
441.572 0.939
441.774 0.939
441.976 0.939
442.178 0.939
442.38 0.939
442.582 0.939
442.784 0.939
442.98600000000005 0.939
443.188 0.939
443.39 0.939
443.592 0.939
443.794 0.939
443.99600000000004 0.939
444.19800000000004 0.939
444.4 0.939
444.602 0.939
444.804 0.939
445.00600000000003 0.939
445.208 0.939
445.41 0.939
445.61199999999997 0.939
445.81399999999996 0.939
446.016 0.939
446.218 0.939
446.42 0.939
446.622 0.939
446.82399999999996 0.939
447.026 0.939
447.228 0.939
447.43 0.939
447.632 0.939
447.834 0.939
448.036 0.939
448.238 0.939
448.44 0.939
448.642 0.939
448.844 0.939
449.04600000000005 0.939
449.248 0.939
449.45 0.939
449.652 0.939
449.854 0.939
450.05600000000004 0.939
450.25800000000004 0.939
450.46 0.939
450.662 0.939
450.864 0.939
451.06600000000003 0.939
451.26800000000003 0.939
451.47 0.939
451.67199999999997 0.939
451.87399999999997 0.939
452.076 0.939
452.278 0.939
452.48 0.939
452.682 0.939
452.88399999999996 0.939
453.086 0.939
453.288 0.939
453.49 0.939
453.692 0.939
453.894 0.939
454.096 0.939
454.298 0.939
454.5 0.939
454.702 0.939
454.904 0.939
455.10600000000005 0.939
455.308 0.939
455.51 0.939
455.712 0.939
455.914 0.939
456.11600000000004 0.939
456.31800000000004 0.939
456.52 0.939
456.722 0.939
456.924 0.939
457.12600000000003 0.939
457.32800000000003 0.939
457.53000000000003 0.939
457.73199999999997 0.939
457.93399999999997 0.939
458.136 0.939
458.338 0.939
458.54 0.939
458.742 0.939
458.94399999999996 0.939
459.146 0.939
459.348 0.939
459.55 0.939
459.752 0.939
459.954 0.939
460.156 0.939
460.358 0.939
460.56 0.939
460.762 0.939
460.964 0.939
461.16600000000005 0.939
461.368 0.939
461.57 0.939
461.772 0.939
461.974 0.939
462.17600000000004 0.939
462.37800000000004 0.939
462.58 0.939
462.782 0.939
462.984 0.939
463.18600000000004 0.939
463.38800000000003 0.939
463.59000000000003 0.939
463.792 0.939
463.99399999999997 0.939
464.196 0.939
464.398 0.939
464.6 0.939
464.802 0.939
465.00399999999996 0.939
465.206 0.939
465.408 0.939
465.61 0.939
465.812 0.939
466.01399999999995 0.939
466.216 0.939
466.418 0.939
466.62 0.939
466.822 0.939
467.024 0.939
467.226 0.939
467.428 0.939
467.63 0.939
467.832 0.939
468.034 0.939
468.23600000000005 0.939
468.438 0.939
468.64 0.939
468.842 0.939
469.044 0.939
469.24600000000004 0.939
469.44800000000004 0.939
469.65 0.939
469.852 0.939
470.054 0.939
470.25600000000003 0.939
470.458 0.939
470.66 0.939
470.86199999999997 0.939
471.06399999999996 0.939
471.266 0.939
471.468 0.939
471.67 0.939
471.872 0.939
472.07399999999996 0.939
472.276 0.939
472.478 0.939
472.68 0.939
472.882 0.939
473.084 0.939
473.286 0.939
473.488 0.939
473.69 0.939
473.892 0.939
474.094 0.939
474.29600000000005 0.939
474.498 0.939
474.7 0.939
474.902 0.939
475.104 0.939
475.30600000000004 0.939
475.50800000000004 0.939
475.71 0.939
475.912 0.939
476.114 0.939
476.31600000000003 0.939
476.51800000000003 0.939
476.72 0.939
476.92199999999997 0.939
477.12399999999997 0.939
477.326 0.939
477.528 0.939
477.73 0.939
477.932 0.939
478.13399999999996 0.939
478.336 0.939
478.538 0.939
478.74 0.939
478.942 0.939
479.144 0.939
479.346 0.939
479.548 0.939
479.75 0.939
479.952 0.939
480.154 0.939
480.35600000000005 0.939
480.558 0.939
480.76 0.939
480.962 0.939
481.164 0.939
481.36600000000004 0.939
481.56800000000004 0.939
481.77 0.939
481.972 0.939
482.174 0.939
482.37600000000003 0.939
482.57800000000003 0.939
482.78000000000003 0.939
482.98199999999997 0.939
483.18399999999997 0.939
483.386 0.939
483.588 0.939
483.79 0.939
483.992 0.939
484.19399999999996 0.939
484.396 0.939
484.598 0.939
484.8 0.939
485.002 0.939
485.204 0.939
485.406 0.939
485.608 0.939
485.81 0.939
486.012 0.939
486.214 0.939
486.41600000000005 0.939
486.618 0.939
486.82 0.939
487.022 0.939
487.224 0.939
487.42600000000004 0.939
487.62800000000004 0.939
487.83 0.939
488.032 0.939
488.234 0.939
488.43600000000004 0.939
488.63800000000003 0.939
488.84000000000003 0.939
489.042 0.939
489.24399999999997 0.939
489.446 0.939
489.648 0.939
489.85 0.939
490.052 0.939
490.25399999999996 0.939
490.456 0.939
490.658 0.939
490.86 0.939
491.062 0.939
491.26399999999995 0.939
491.466 0.939
491.668 0.939
491.87 0.939
492.072 0.939
492.274 0.939
492.476 0.939
492.678 0.939
492.88 0.939
493.082 0.939
493.284 0.939
493.48600000000005 0.939
493.688 0.939
493.89 0.939
494.092 0.939
494.294 0.939
494.49600000000004 0.939
494.69800000000004 0.939
494.9 0.939
495.102 0.939
495.304 0.939
495.50600000000003 0.939
495.708 0.939
495.91 0.939
496.11199999999997 0.939
496.31399999999996 0.939
496.516 0.939
496.718 0.939
496.92 0.939
497.122 0.939
497.32399999999996 0.939
497.526 0.939
497.728 0.939
497.93 0.939
498.132 0.939
498.334 0.939
498.536 0.939
498.738 0.939
498.94 0.939
499.142 0.939
499.344 0.939
499.54600000000005 0.939
499.748 0.939
499.95 0.939
500.152 0.939
500.354 0.939
500.55600000000004 0.939
500.75800000000004 0.939
500.96 0.939
501.162 0.939
501.364 0.939
501.56600000000003 0.939
501.76800000000003 0.939
501.97 0.939
502.17199999999997 0.939
502.37399999999997 0.939
502.576 0.939
502.778 0.939
502.98 0.939
503.182 0.939
503.38399999999996 0.939
503.586 0.939
503.788 0.939
503.99 0.939
504.192 0.939
504.394 0.939
504.596 0.939
504.798 0.939
505.0 0.939
505.202 0.939
505.404 0.939
505.60600000000005 0.939
505.808 0.939
506.01 0.939
506.212 0.939
506.414 0.939
506.61600000000004 0.939
506.81800000000004 0.939
507.02 0.939
507.222 0.939
507.424 0.939
507.62600000000003 0.939
507.82800000000003 0.939
508.03000000000003 0.939
508.23199999999997 0.939
508.43399999999997 0.939
508.636 0.939
508.838 0.939
509.04 0.939
509.242 0.939
509.44399999999996 0.939
509.646 0.939
509.848 0.939
510.05 0.939
510.252 0.939
510.454 0.939
510.656 0.939
510.858 0.939
511.06 0.939
511.262 0.939
511.464 0.939
511.66600000000005 0.939
511.868 0.939
512.07 0.939
512.272 0.939
512.4739999999999 0.939
512.676 0.939
512.878 0.939
513.08 0.939
513.282 0.939
513.484 0.939
513.686 0.939
513.888 0.939
514.09 0.939
514.292 0.939
514.494 0.939
514.696 0.939
514.898 0.939
515.1 0.939
515.302 0.939
515.504 0.939
515.706 0.939
515.908 0.939
516.11 0.939
516.312 0.939
516.514 0.939
516.716 0.939
516.918 0.939
517.12 0.939
517.322 0.939
517.524 0.939
517.726 0.939
517.928 0.939
518.13 0.939
518.3320000000001 0.939
518.534 0.939
518.736 0.939
518.938 0.939
519.14 0.939
519.3420000000001 0.939
519.544 0.939
519.746 0.939
519.948 0.939
520.15 0.939
520.3520000000001 0.939
520.554 0.939
520.756 0.939
520.958 0.939
521.16 0.939
521.3620000000001 0.939
521.564 0.939
521.7660000000001 0.939
521.968 0.939
522.17 0.939
522.3720000000001 0.939
522.574 0.939
522.7760000000001 0.939
522.978 0.939
523.18 0.939
523.3820000000001 0.939
523.584 0.939
523.7860000000001 0.939
523.9879999999999 0.939
524.19 0.939
524.392 0.939
524.5939999999999 0.939
524.796 0.939
524.9979999999999 0.939
525.2 0.939
525.402 0.939
525.6039999999999 0.939
525.806 0.939
526.0079999999999 0.939
526.21 0.939
526.412 0.939
526.614 0.939
526.816 0.939
527.0179999999999 0.939
527.22 0.939
527.422 0.939
527.624 0.939
527.826 0.939
528.0279999999999 0.939
528.23 0.939
528.432 0.939
528.634 0.939
528.836 0.939
529.038 0.939
529.24 0.939
529.442 0.939
529.644 0.939
529.846 0.939
530.048 0.939
530.25 0.939
530.452 0.939
530.654 0.939
530.856 0.939
531.058 0.939
531.26 0.939
531.4620000000001 0.939
531.664 0.939
531.866 0.939
532.068 0.939
532.27 0.939
532.4720000000001 0.939
532.674 0.939
532.876 0.939
533.078 0.939
533.28 0.939
533.4820000000001 0.939
533.684 0.939
533.8860000000001 0.939
534.088 0.939
534.29 0.939
534.4920000000001 0.939
534.694 0.939
534.8960000000001 0.939
535.098 0.939
535.3 0.939
535.5020000000001 0.939
535.704 0.939
535.9060000000001 0.939
536.108 0.939
536.3100000000001 0.939
536.5120000000001 0.939
536.7139999999999 0.939
536.916 0.939
537.1179999999999 0.939
537.32 0.939
537.522 0.939
537.7239999999999 0.939
537.926 0.939
538.1279999999999 0.939
538.33 0.939
538.532 0.939
538.734 0.939
538.936 0.939
539.1379999999999 0.939
539.34 0.939
539.542 0.939
539.744 0.939
539.946 0.939
540.1479999999999 0.939
540.35 0.939
540.552 0.939
540.754 0.939
540.956 0.939
541.158 0.939
541.36 0.939
541.562 0.939
541.764 0.939
541.966 0.939
542.168 0.939
542.37 0.939
542.572 0.939
542.774 0.9362
542.976 0.9326
543.178 0.9289
543.38 0.9252
543.5820000000001 0.9215
543.784 0.9178
543.986 0.9142
544.188 0.9105
544.39 0.9068
544.5920000000001 0.9031
544.794 0.8994
544.996 0.8958
545.198 0.8921
545.4 0.8884
545.6020000000001 0.8847
545.804 0.881
546.006 0.8774
546.208 0.8737
546.41 0.87
546.6120000000001 0.8663
546.814 0.8598
547.0160000000001 0.8524
547.218 0.8449
547.42 0.8375
547.6220000000001 0.8301
547.824 0.8226
548.0260000000001 0.8152
548.228 0.8078
548.43 0.8003
548.6320000000001 0.7929
548.834 0.7855
549.0360000000001 0.778
549.2379999999999 0.7706
549.44 0.7632
549.642 0.7557
549.8439999999999 0.7483
550.046 0.7408
550.2479999999999 0.7334
550.45 0.726
550.652 0.7185
550.8539999999999 0.7111
551.056 0.7037
551.2579999999999 0.6962
551.46 0.6888
551.662 0.6814
551.864 0.6739
552.066 0.6665
552.2679999999999 0.659
552.47 0.6516
552.672 0.6442
552.874 0.6367
553.076 0.6293
553.2779999999999 0.6219
553.48 0.6144
553.682 0.607
553.884 0.5996
554.086 0.5921
554.288 0.5847
554.49 0.5772
554.692 0.5698
554.894 0.5624
555.096 0.5549
555.298 0.5475
555.5 0.5401
555.702 0.5326
555.904 0.5252
556.106 0.5178
556.308 0.5103
556.51 0.5029
556.7120000000001 0.4955
556.914 0.488
557.116 0.4806
557.318 0.4731
557.52 0.4657
557.7220000000001 0.4583
557.924 0.4508
558.126 0.4434
558.328 0.436
558.53 0.4285
558.7320000000001 0.4211
558.934 0.4137
559.1360000000001 0.4062
559.338 0.3988
559.54 0.3913
559.7420000000001 0.3839
559.944 0.3765
560.1460000000001 0.369
560.348 0.3616
560.55 0.3542
560.7520000000001 0.3467
560.954 0.3393
561.1560000000001 0.3319
561.358 0.3244
561.5600000000001 0.317
561.7620000000001 0.3095
561.9639999999999 0.3021
562.166 0.2947
562.3679999999999 0.2872
562.57 0.2798
562.772 0.2724
562.9739999999999 0.2649
563.176 0.2575
563.3779999999999 0.2501
563.58 0.2426
563.782 0.2352
563.984 0.2278
564.186 0.2203
564.3879999999999 0.2129
564.59 0.2054
564.792 0.198
564.994 0.1906
565.196 0.1831
565.3979999999999 0.1757
565.6 0.1683
565.802 0.1608
566.004 0.1534
566.206 0.146
566.408 0.1385
566.61 0.1311
566.812 0.1236
567.014 0.1162
567.216 0.1088
567.418 0.1013
567.62 0.0939
567.822 0.0901
568.024 0.0864
568.226 0.0826
568.428 0.0789
568.63 0.0751
568.8320000000001 0.0714
569.034 0.0676
569.236 0.0639
569.438 0.0601
569.64 0.0563
569.8420000000001 0.0526
570.044 0.0488
570.246 0.0451
570.448 0.0413
570.65 0.0376
570.8520000000001 0.0338
571.054 0.03
571.256 0.0263
571.458 0.0225
571.66 0.0188
571.8620000000001 0.015
572.064 0.0113
572.2660000000001 0.0075
572.468 0.0038
572.67 0.0
572.8720000000001 0.0
573.074 0.0
573.2760000000001 0.0
573.478 0.0
573.68 0.0
573.8820000000001 0.0
574.084 0.0
574.2860000000001 0.0
574.4879999999999 0.0
574.69 0.0
574.892 0.0
575.0939999999999 0.0
575.296 0.0
575.4979999999999 0.0
575.7 0.0
575.902 0.0
576.1039999999999 0.0
576.306 0.0
576.5079999999999 0.0
576.71 0.0
576.912 0.0
577.114 0.0
577.316 0.0
577.5179999999999 0.0
577.72 0.0
577.922 0.0
578.124 0.0
578.326 0.0
578.5279999999999 0.0
578.73 0.0
578.932 0.0
579.134 0.0
579.336 0.0
579.538 0.0
579.74 0.0
579.942 0.0
580.144 0.0
580.346 0.0
580.548 0.0
580.75 0.0
580.952 0.0
581.154 0.0
581.356 0.0
581.558 0.0
581.76 0.0
581.9620000000001 0.0
582.164 0.0
582.366 0.0
582.568 0.0
582.77 0.0
582.9720000000001 0.0
583.174 0.0
583.376 0.0
583.578 0.0
583.78 0.0
583.9820000000001 0.0
584.184 0.0
584.3860000000001 0.0
584.588 0.0
584.79 0.0
584.9920000000001 0.0
585.194 0.0
585.3960000000001 0.0
585.598 0.0
585.8 0.0
586.0020000000001 0.0
586.204 0.0
586.4060000000001 0.0
586.608 0.0
586.8100000000001 0.0
587.0120000000001 0.0
587.2139999999999 0.0
587.416 0.0
587.6179999999999 0.0
587.82 0.0
588.022 0.0
588.2239999999999 0.0
588.426 0.0
588.6279999999999 0.0
588.83 0.0
589.032 0.0
589.234 0.0
589.436 0.0
589.6379999999999 0.0
589.84 0.0
590.042 0.0
590.244 0.0
590.446 0.0
590.6479999999999 0.0
590.85 0.0
591.052 0.0
591.254 0.0
591.456 0.0
591.658 0.0
591.86 0.0
592.062 0.0
592.264 0.0
592.466 0.0
592.668 0.0
592.87 0.0
593.072 0.0
593.274 0.0
593.476 0.0
593.678 0.0
593.88 0.0
594.0820000000001 0.0
594.284 0.0
594.486 0.0
594.688 0.0
594.89 0.0
595.0920000000001 0.0
595.294 0.0
595.496 0.0
595.698 0.0
595.9 0.0
596.1020000000001 0.0
596.304 0.0
596.506 0.0
596.708 0.0
596.91 0.0
597.1120000000001 0.0
597.314 0.0
597.5160000000001 0.0
597.718 0.0
597.92 0.0
598.1220000000001 0.0
598.324 0.0
598.5260000000001 0.0
598.728 0.0
598.93 0.0
599.1320000000001 0.0
599.334 0.0
599.5360000000001 0.0
599.7379999999999 0.0
599.94 0.0
600.142 0.0
600.3439999999999 0.0
600.546 0.0
600.7479999999999 0.0
600.95 0.0
601.152 0.0
601.3539999999999 0.0
601.556 0.0
601.7579999999999 0.0
601.96 0.0
602.162 0.0
602.364 0.0
602.566 0.0
602.7679999999999 0.0
602.97 0.0
603.172 0.0
603.374 0.0
603.576 0.0
603.7779999999999 0.0
603.98 0.0
604.182 0.0
604.384 0.0
604.586 0.0
604.788 0.0
604.99 0.0
605.192 0.0
605.394 0.0
605.596 0.0
605.798 0.0
606.0 0.0
606.202 0.0
606.404 0.0
606.606 0.0
606.808 0.0
607.01 0.0
607.2120000000001 0.0
607.414 0.0
607.616 0.0
607.818 0.0
608.02 0.0
608.2220000000001 0.0
608.424 0.0
608.626 0.0
608.828 0.0
609.03 0.0
609.2320000000001 0.0
609.434 0.0
609.6360000000001 0.0
609.838 0.0
610.04 0.0
610.2420000000001 0.0
610.444 0.0
610.6460000000001 0.0
610.848 0.0
611.05 0.0
611.2520000000001 0.0
611.454 0.0
611.6560000000001 0.0
611.858 0.0
612.0600000000001 0.0
612.2620000000001 0.0
612.4639999999999 0.0
612.666 0.0
612.8679999999999 0.0
613.07 0.0
613.272 0.0
613.4739999999999 0.0
613.676 0.0
613.8779999999999 0.0
614.08 0.0
614.282 0.0
614.484 0.0
614.686 0.0
614.8879999999999 0.0
615.09 0.0
615.292 0.0
615.494 0.0
615.696 0.0
615.8979999999999 0.0
616.1 0.0
616.302 0.0
616.504 0.0
616.706 0.0
616.908 0.0
617.11 0.0
617.312 0.0
617.514 0.0
617.716 0.0
617.918 0.0
618.12 0.0
618.322 0.0
618.524 0.0
618.726 0.0
618.928 0.0
619.13 0.0
619.3320000000001 0.0
619.534 0.0
619.736 0.0
619.938 0.0
620.14 0.0
620.3420000000001 0.0
620.544 0.0
620.746 0.0
620.948 0.0
621.15 0.0
621.3520000000001 0.0
621.554 0.0
621.756 0.0
621.958 0.0
622.16 0.0
622.3620000000001 0.0
622.564 0.0
622.7660000000001 0.0
622.968 0.0
623.17 0.0
623.3720000000001 0.0
623.574 0.0
623.7760000000001 0.0
623.978 0.0
624.18 0.0
624.3820000000001 0.0
624.584 0.0
624.7860000000001 0.0
624.9879999999999 0.0
625.19 0.0
625.392 0.0
625.5939999999999 0.0
625.796 0.0
625.9979999999999 0.0
626.2 0.0
626.402 0.0
626.6039999999999 0.0
626.806 0.0
627.0079999999999 0.0
627.21 0.0
627.412 0.0
627.614 0.0
627.816 0.0
628.0179999999999 0.0
628.22 0.0
628.422 0.0
628.624 0.0
628.826 0.0
629.0279999999999 0.0
629.23 0.0
629.432 0.0
629.634 0.0
629.836 0.0
630.038 0.0
630.24 0.0
630.442 0.0
630.644 0.0
630.846 0.0
631.048 0.0
631.25 0.0
631.452 0.0
631.654 0.0
631.856 0.0
632.058 0.0
632.26 0.0
632.4620000000001 0.0
632.664 0.0
632.866 0.0
633.068 0.0
633.27 0.0
633.4720000000001 0.0
633.674 0.0
633.876 0.0
634.078 0.0
634.28 0.0
634.4820000000001 0.0
634.684 0.0
634.8860000000001 0.0
635.088 0.0
635.29 0.0
635.4920000000001 0.0
635.694 0.0
635.8960000000001 0.0
636.098 0.0
636.3 0.0
636.5020000000001 0.0
636.704 0.0
636.9060000000001 0.0
637.108 0.0
637.3100000000001 0.0
637.5120000000001 0.0
637.7139999999999 0.0
637.916 0.0
638.1179999999999 0.0
638.32 0.0
638.522 0.0
638.7239999999999 0.0
638.926 0.0
639.1279999999999 0.0
639.33 0.0
639.532 0.0
639.734 0.0
639.936 0.0
640.1379999999999 0.0
640.34 0.0
640.542 0.0
640.744 0.0
640.946 0.0
641.1479999999999 0.0
641.35 0.0
641.552 0.0
641.754 0.0
641.956 0.0
642.158 0.0
642.36 0.0
642.562 0.0
642.764 0.0
642.966 0.0
643.168 0.0
643.37 0.0
643.572 0.0
643.774 0.0
643.976 0.0
644.178 0.0
644.38 0.0
644.5820000000001 0.0
644.784 0.0
644.986 0.0
645.188 0.0
645.39 0.0
645.5920000000001 0.0
645.794 0.0
645.996 0.0
646.198 0.0
646.4 0.0
646.6020000000001 0.0
646.804 0.0
647.0060000000001 0.0
647.208 0.0
647.41 0.0
647.6120000000001 0.0
647.814 0.0
648.0160000000001 0.0
648.218 0.0
648.42 0.0
648.6220000000001 0.0
648.824 0.0
649.0260000000001 0.0
649.228 0.0
649.43 0.0
649.6320000000001 0.0
649.834 0.0
650.0360000000001 0.0
650.2379999999999 0.0
650.44 0.0
650.642 0.0
650.8439999999999 0.0
651.046 0.0
651.2479999999999 0.0
651.45 0.0
651.652 0.0
651.8539999999999 0.0
652.056 0.0
652.2579999999999 0.0
652.46 0.0
652.662 0.0
652.864 0.0
653.066 0.0
653.2679999999999 0.0
653.47 0.0
653.672 0.0
653.874 0.0
654.076 0.0
654.2779999999999 0.0
654.48 0.0
654.682 0.0
654.884 0.0
655.086 0.0
655.288 0.0
655.49 0.0
655.692 0.0
655.894 0.0
656.096 0.0
656.298 0.0
656.5 0.0
656.702 0.0
656.904 0.0
657.106 0.0
657.308 0.0
657.51 0.0
657.7120000000001 0.0
657.914 0.0
658.116 0.0
658.318 0.0
658.52 0.0
658.7220000000001 0.0
658.924 0.0
659.126 0.0
659.328 0.0
659.53 0.0
659.7320000000001 0.0
659.934 0.0
660.1360000000001 0.0
660.338 0.0
660.54 0.0
660.7420000000001 0.0
660.944 0.0
661.1460000000001 0.0
661.348 0.0
661.55 0.0
661.7520000000001 0.0
661.954 0.0
662.1560000000001 0.0
662.358 0.0
662.5600000000001 0.0
662.7620000000001 0.0
662.9639999999999 0.0
663.166 0.0
663.3679999999999 0.0
663.57 0.0
663.772 0.0
663.9739999999999 0.0
664.176 0.0
664.3779999999999 0.0
664.58 0.0
664.782 0.0
664.984 0.0
665.186 0.0
665.3879999999999 0.0
665.59 0.0
665.792 0.0
665.994 0.0
666.196 0.0
666.3979999999999 0.0
666.6 0.0
666.802 0.0
667.004 0.0
667.206 0.0
667.408 0.0
667.61 0.0
667.812 0.0
668.014 0.0
668.216 0.0
668.418 0.0
668.62 0.0
668.822 0.0
669.024 0.0
669.226 0.0
669.428 0.0
669.63 0.0
669.8320000000001 0.0
670.034 0.0
670.236 0.0
670.438 0.0
670.64 0.0
670.8420000000001 0.0
671.044 0.0
671.246 0.0
671.448 0.0
671.65 0.0
671.8520000000001 0.0
672.054 0.0
672.2560000000001 0.0
672.458 0.0
672.66 0.0
672.8620000000001 0.0
673.064 0.0
673.2660000000001 0.0
673.468 0.0
673.67 0.0
673.8720000000001 0.0
674.074 0.0
674.2760000000001 0.0
674.478 0.0
674.68 0.0
674.8820000000001 0.0
675.084 0.0
675.2860000000001 0.0
675.4879999999999 0.0
675.69 0.0
675.892 0.0
676.0939999999999 0.0
676.296 0.0
676.4979999999999 0.0
676.7 0.0
676.902 0.0
677.1039999999999 0.0
677.306 0.0
677.5079999999999 0.0
677.71 0.0
677.912 0.0
678.114 0.0
678.316 0.0
678.5179999999999 0.0
678.72 0.0
678.922 0.0
679.124 0.0
679.326 0.0
679.5279999999999 0.0
679.73 0.0
679.932 0.0
680.134 0.0
680.336 0.0
680.538 0.0
680.74 0.0
680.942 0.0
681.144 0.0
681.346 0.0
681.548 0.0
681.75 0.0
681.952 0.0
682.154 0.0
682.356 0.0
682.558 0.0
682.76 0.0
682.9620000000001 0.0
683.164 0.0
683.366 0.0
683.568 0.0
683.77 0.0
683.9720000000001 0.0
684.174 0.0
684.376 0.0
684.578 0.0
684.78 0.0
684.9820000000001 0.0
685.184 0.0
685.3860000000001 0.0
685.588 0.0
685.79 0.0
685.9920000000001 0.0
686.194 0.0
686.3960000000001 0.0
686.598 0.0
686.8 0.0
687.0020000000001 0.0
687.204 0.0
687.4060000000001 0.0
687.608 0.0
687.8100000000001 0.0
688.0120000000001 0.0
688.2139999999999 0.0
688.416 0.0
688.6179999999999 0.0
688.82 0.0
689.022 0.0
689.2239999999999 0.0
689.426 0.0
689.6279999999999 0.0
689.83 0.0
690.032 0.0
690.234 0.0
690.436 0.0
690.6379999999999 0.0
690.84 0.0
691.042 0.0
691.244 0.0
691.446 0.0
691.6479999999999 0.0
691.85 0.0
692.052 0.0
692.254 0.0
692.456 0.0
692.658 0.0
692.86 0.0
693.062 0.0
693.264 0.0
693.466 0.0
693.668 0.0
693.87 0.0
694.072 0.0
694.274 0.0
694.476 0.0
694.678 0.0
694.88 0.0
695.0820000000001 0.0
695.284 0.0
695.486 0.0
695.688 0.0
695.89 0.0
696.0920000000001 0.0
696.294 0.0
696.496 0.0
696.698 0.0
696.9 0.0
697.1020000000001 0.0
697.304 0.0
697.5060000000001 0.0
697.708 0.0
697.91 0.0
698.1120000000001 0.0
698.314 0.0
698.5160000000001 0.0
698.718 0.0
698.92 0.0
699.1220000000001 0.0
699.324 0.0
699.5260000000001 0.0
699.728 0.0
699.93 0.0
700.1320000000001 0.0
700.334 0.0
700.5360000000001 0.0
700.7379999999999 0.0
700.94 0.0
701.142 0.0
701.3439999999999 0.0
701.546 0.0
701.7479999999999 0.0
701.95 0.0
702.152 0.0
702.3539999999999 0.0
702.556 0.0
702.7579999999999 0.0
702.96 0.0
703.162 0.0
703.364 0.0
703.566 0.0
703.7679999999999 0.0
703.97 0.0
704.172 0.0
704.374 0.0
704.576 0.0
704.7779999999999 0.0
704.98 0.0
705.182 0.0
705.384 0.0
705.586 0.0
705.788 0.0
705.99 0.0
706.192 0.0
706.394 0.0
706.596 0.0
706.798 0.0
707.0 0.0
707.202 0.0
707.404 0.0
707.606 0.0
707.808 0.0
708.01 0.0
708.2120000000001 0.0
708.414 0.0
708.616 0.0
708.818 0.0
709.02 0.0
709.2220000000001 0.0
709.424 0.0
709.626 0.0
709.828 0.0
710.03 0.0
710.2320000000001 0.0
710.434 0.0
710.6360000000001 0.0
710.838 0.0
711.04 0.0
711.2420000000001 0.0
711.444 0.0
711.6460000000001 0.0
711.848 0.0
712.05 0.0
712.2520000000001 0.0
712.454 0.0
712.6560000000001 0.0
712.858 0.0
713.0600000000001 0.0
713.2620000000001 0.0
713.4639999999999 0.0
713.666 0.0
713.8679999999999 0.0
714.07 0.0
714.272 0.0
714.4739999999999 0.0
714.676 0.0
714.8779999999999 0.0
715.08 0.0
715.282 0.0
715.484 0.0
715.686 0.0
715.8879999999999 0.0
716.09 0.0
716.292 0.0
716.494 0.0
716.696 0.0
716.8979999999999 0.0
717.1 0.0
717.302 0.0
717.504 0.0
717.706 0.0
717.908 0.0
718.11 0.0
718.312 0.0
718.514 0.0
718.716 0.0
718.918 0.0
719.12 0.0
719.322 0.0
719.524 0.0
719.726 0.0
719.928 0.0
720.13 0.0
720.3320000000001 0.0
720.534 0.0
720.736 0.0
720.938 0.0
721.14 0.0
721.3420000000001 0.0
721.544 0.0
721.746 0.0
721.948 0.0
722.15 0.0
722.3520000000001 0.0
722.554 0.0
722.7560000000001 0.0
722.958 0.0
723.16 0.0
723.3620000000001 0.0
723.564 0.0
723.7660000000001 0.0
723.968 0.0
724.17 0.0
724.3720000000001 0.0
724.574 0.0
724.7760000000001 0.0
724.978 0.0
725.18 0.0
725.3820000000001 0.0
725.584 0.0
725.7860000000001 0.0
725.9879999999999 0.0
726.19 0.0
726.392 0.0
726.5939999999999 0.0
726.796 0.0
726.9979999999999 0.0
727.2 0.0
727.402 0.0
727.6039999999999 0.0
727.806 0.0
728.0079999999999 0.0
728.21 0.0
728.412 0.0
728.614 0.0
728.816 0.0
729.0179999999999 0.0
729.22 0.0
729.422 0.0
729.624 0.0
729.826 0.0
730.0279999999999 0.0
730.23 0.0
730.432 0.0
730.634 0.0
730.836 0.0
731.038 0.0
731.24 0.0
731.442 0.0
731.644 0.0
731.846 0.0
732.048 0.0
732.25 0.0
732.452 0.0
732.654 0.0
732.856 0.0
733.058 0.0
733.26 0.0
733.4620000000001 0.0
733.664 0.0
733.866 0.0
734.068 0.0
734.27 0.0
734.4720000000001 0.0
734.674 0.0
734.876 0.0
735.078 0.0
735.28 0.0
735.4820000000001 0.0
735.684 0.0
735.8860000000001 0.0
736.088 0.0
736.29 0.0
736.4920000000001 0.0
736.694 0.0
736.8960000000001 0.0
737.098 0.0
737.3 0.0
737.5020000000001 0.0
737.704 0.0
737.9060000000001 0.0
738.108 0.0
738.3100000000001 0.0
738.5120000000001 0.0
738.7139999999999 0.0
738.916 0.0
739.1179999999999 0.0
739.32 0.0
739.522 0.0
739.7239999999999 0.0
739.926 0.0
740.1279999999999 0.0
740.33 0.0
740.532 0.0
740.734 0.0
740.936 0.0
741.1379999999999 0.0
741.34 0.0
741.542 0.0
741.744 0.0
741.946 0.0
742.1479999999999 0.0
742.35 0.0
742.552 0.0
742.754 0.0
742.956 0.0
743.158 0.0
743.36 0.0
743.562 0.0
743.764 0.0
743.966 0.0
744.168 0.0
744.37 0.0
744.572 0.0
744.774 0.0
744.976 0.0
745.178 0.0
745.38 0.0
745.5820000000001 0.0
745.784 0.0
745.986 0.0
746.188 0.0
746.39 0.0
746.5920000000001 0.0
746.794 0.0
746.996 0.0
747.198 0.0
747.4 0.0
747.6020000000001 0.0
747.804 0.0
748.0060000000001 0.0
748.208 0.0
748.41 0.0
748.6120000000001 0.0
748.814 0.0
749.0160000000001 0.0
749.218 0.0
749.42 0.0
749.6220000000001 0.0
749.824 0.0
750.0260000000001 0.0
750.228 0.0
750.43 0.0
750.6320000000001 0.0
750.834 0.0
751.0360000000001 0.0
751.2379999999999 0.0
751.44 0.0
751.642 0.0
751.8439999999999 0.0
752.046 0.0
752.2479999999999 0.0
752.45 0.0
752.652 0.0
752.8539999999999 0.0
753.056 0.0
753.2579999999999 0.0
753.46 0.0
753.662 0.0
753.864 0.0
754.066 0.0
754.2679999999999 0.0
754.47 0.0
754.672 0.0
754.874 0.0
755.076 0.0
755.2779999999999 0.0
755.48 0.0
755.682 0.0
755.884 0.0
756.086 0.0
756.288 0.0
756.49 0.0
756.692 0.0
756.894 0.0
757.096 0.0
757.298 0.0
757.5 0.0
757.702 0.0
757.904 0.0
758.106 0.0
758.308 0.0
758.51 0.0
758.7120000000001 0.0
758.914 0.0
759.116 0.0
759.318 0.0
759.52 0.0
759.7220000000001 0.0
759.924 0.0
760.126 0.0
760.328 0.0
760.53 0.0
760.7320000000001 0.0
760.934 0.0
761.1360000000001 0.0
761.338 0.0
761.54 0.0
761.7420000000001 0.0
761.944 0.0
762.1460000000001 0.0
762.348 0.0
762.55 0.0
762.7520000000001 0.0
762.954 0.0
763.1560000000001 0.0
763.358 0.0
763.5600000000001 0.0
763.7620000000001 0.0
763.9639999999999 0.0
764.166 0.0
764.3679999999999 0.0
764.57 0.0
764.772 0.0
764.9739999999999 0.0
765.176 0.0
765.3779999999999 0.0
765.58 0.0
765.782 0.0
765.984 0.0
766.186 0.0
766.3879999999999 0.0
766.59 0.0
766.792 0.0
766.994 0.0
767.196 0.0
767.3979999999999 0.0
767.6 0.0
767.802 0.0
768.004 0.0
768.206 0.0
768.408 0.0
768.61 0.0
768.812 0.0
769.014 0.0
769.216 0.0
769.418 0.0
769.62 0.0
769.822 0.0
770.024 0.0
770.226 0.0
770.428 0.0
770.63 0.0
770.8320000000001 0.0
771.034 0.0
771.236 0.0
771.438 0.0
771.64 0.0
771.8420000000001 0.0
772.044 0.0
772.246 0.0
772.448 0.0
772.65 0.0
772.8520000000001 0.0
773.054 0.0
773.2560000000001 0.0
773.458 0.0
773.66 0.0
773.8620000000001 0.0
774.064 0.0
774.2660000000001 0.0
774.468 0.0
774.67 0.0
774.8720000000001 0.0
775.074 0.0
775.2760000000001 0.0
775.478 0.0
775.6800000000001 0.0
775.8820000000001 0.0
776.084 0.0
776.2860000000001 0.0
776.4879999999999 0.0
776.69 0.0
776.892 0.0
777.0939999999999 0.0
777.296 0.0
777.4979999999999 0.0
777.7 0.0
777.902 0.0
778.1039999999999 0.0
778.306 0.0
778.5079999999999 0.0
778.71 0.0
778.912 0.0
779.114 0.0
779.316 0.0
779.5179999999999 0.0
779.72 0.0
779.922 0.0
780.124 0.0
780.326 0.0
780.5279999999999 0.0
780.73 0.0
780.932 0.0
781.134 0.0
781.336 0.0
781.538 0.0
781.74 0.0
781.942 0.0
782.144 0.0
782.346 0.0
782.548 0.0
782.75 0.0
782.952 0.0
783.154 0.0
783.356 0.0
783.558 0.0
783.76 0.0
783.9620000000001 0.0
784.164 0.0
784.366 0.0
784.568 0.0
784.77 0.0
784.9720000000001 0.0
785.174 0.0
785.376 0.0
785.578 0.0
785.78 0.0
785.9820000000001 0.0
786.184 0.0
786.3860000000001 0.0
786.588 0.0
786.79 0.0
786.9920000000001 0.0
787.194 0.0
787.3960000000001 0.0
787.598 0.0
787.8 0.0
788.0020000000001 0.0
788.204 0.0
788.4060000000001 0.0
788.608 0.0
788.8100000000001 0.0
789.0120000000001 0.0
789.2139999999999 0.0
789.416 0.0
789.6179999999999 0.0
789.82 0.0
790.022 0.0
790.2239999999999 0.0
790.426 0.0
790.6279999999999 0.0
790.83 0.0
791.032 0.0
791.234 0.0
791.436 0.0
791.6379999999999 0.0
791.84 0.0
792.042 0.0
792.244 0.0
792.446 0.0
792.6479999999999 0.0
792.85 0.0
793.052 0.0
793.254 0.0
793.456 0.0
793.658 0.0
793.86 0.0
794.062 0.0
794.264 0.0
794.466 0.0
794.668 0.0
794.87 0.0
795.072 0.0
795.274 0.0
795.476 0.0
795.678 0.0
795.88 0.0
796.0820000000001 0.0
796.284 0.0
796.486 0.0
796.688 0.0
796.89 0.0
797.0920000000001 0.0
797.294 0.0
797.496 0.0
797.698 0.0
797.9 0.0
798.1020000000001 0.0
798.304 0.0
798.5060000000001 0.0
798.708 0.0
798.91 0.0
799.1120000000001 0.0
799.314 0.0
799.5160000000001 0.0
799.718 0.0
799.92 0.0
800.1220000000001 0.0
800.324 0.0
800.5260000000001 0.0
800.728 0.0
800.9300000000001 0.0
801.1320000000001 0.0
801.334 0.0
801.5360000000001 0.0
801.7379999999999 0.0
801.94 0.0
802.142 0.0
802.3439999999999 0.0
802.546 0.0
802.7479999999999 0.0
802.95 0.0
803.152 0.0
803.3539999999999 0.0
803.556 0.0
803.7579999999999 0.0
803.96 0.0
804.162 0.0
804.364 0.0
804.566 0.0
804.7679999999999 0.0
804.97 0.0
805.172 0.0
805.374 0.0
805.576 0.0
805.7779999999999 0.0
805.98 0.0
806.182 0.0
806.384 0.0
806.586 0.0
806.788 0.0
806.99 0.0
807.192 0.0
807.394 0.0
807.596 0.0
807.798 0.0
808.0 0.0
808.202 0.0
808.404 0.0
808.606 0.0
808.808 0.0
809.01 0.0
809.2120000000001 0.0
809.414 0.0
809.616 0.0
809.818 0.0
810.02 0.0
810.2220000000001 0.0
810.424 0.0
810.626 0.0
810.828 0.0
811.03 0.0
811.2320000000001 0.0
811.434 0.0
811.6360000000001 0.0
811.838 0.0
812.04 0.0
812.2420000000001 0.0
812.444 0.0
812.6460000000001 0.0
812.848 0.0
813.05 0.0
813.2520000000001 0.0
813.454 0.0
813.6560000000001 0.0
813.858 0.0
814.0600000000001 0.0
814.2620000000001 0.0
814.4639999999999 0.0
814.666 0.0
814.8679999999999 0.0
815.07 0.0
815.272 0.0
815.4739999999999 0.0
815.676 0.0
815.8779999999999 0.0
816.08 0.0
816.282 0.0
816.484 0.0
816.686 0.0
816.8879999999999 0.0
817.09 0.0
817.292 0.0
817.494 0.0
817.696 0.0
817.8979999999999 0.0
818.1 0.0
818.302 0.0
818.504 0.0
818.706 0.0
818.908 0.0
819.11 0.0
819.312 0.0
819.514 0.0
819.716 0.0
819.918 0.0
820.12 0.0
820.322 0.0
820.524 0.0
820.726 0.0
820.928 0.0
821.13 0.0
821.3320000000001 0.0
821.534 0.0
821.736 0.0
821.938 0.0
822.14 0.0
822.3420000000001 0.0
822.544 0.0
822.746 0.0
822.948 0.0
823.15 0.0
823.3520000000001 0.0
823.554 0.0
823.7560000000001 0.0
823.958 0.0
824.16 0.0
824.3620000000001 0.0
824.564 0.0
824.7660000000001 0.0
824.968 0.0
825.17 0.0
825.3720000000001 0.0
825.574 0.0
825.7760000000001 0.0
825.978 0.0
826.1800000000001 0.0
826.3820000000001 0.0
826.584 0.0
826.7860000000001 0.0
826.9879999999999 0.0
827.19 0.0
827.392 0.0
827.5939999999999 0.0
827.796 0.0
827.9979999999999 0.0
828.2 0.0
828.402 0.0
828.6039999999999 0.0
828.806 0.0
829.0079999999999 0.0
829.21 0.0
829.412 0.0
829.614 0.0
829.816 0.0
830.0179999999999 0.0
830.22 0.0
830.422 0.0
830.624 0.0
830.826 0.0
831.0279999999999 0.0
831.23 0.0
831.432 0.0
831.634 0.0
831.836 0.0
832.038 0.0
832.24 0.0
832.442 0.0
832.644 0.0
832.846 0.0
833.048 0.0
833.25 0.0
833.452 0.0
833.654 0.0
833.856 0.0
834.058 0.0
834.26 0.0
834.4620000000001 0.0
834.664 0.0
834.866 0.0
835.068 0.0
835.27 0.0
835.4720000000001 0.0
835.674 0.0
835.876 0.0
836.078 0.0
836.28 0.0
836.4820000000001 0.0
836.684 0.0
836.8860000000001 0.0
837.088 0.0
837.29 0.0
837.4920000000001 0.0
837.694 0.0
837.8960000000001 0.0
838.098 0.0
838.3 0.0
838.5020000000001 0.0
838.704 0.0
838.9060000000001 0.0
839.108 0.0
839.3100000000001 0.0
839.5120000000001 0.0
839.7139999999999 0.0
839.916 0.0
840.1179999999999 0.0
840.32 0.0
840.522 0.0
840.7239999999999 0.0
840.926 0.0
841.1279999999999 0.0
841.33 0.0
841.532 0.0
841.734 0.0
841.936 0.0
842.1379999999999 0.0
842.34 0.0
842.542 0.0
842.744 0.0
842.946 0.0
843.1479999999999 0.0
843.35 0.0
843.552 0.0
843.754 0.0
843.956 0.0
844.158 0.0
844.36 0.0
844.562 0.0
844.764 0.0
844.966 0.0
845.168 0.0
845.37 0.0
845.572 0.0
845.774 0.0
845.976 0.0
846.178 0.0
846.38 0.0
846.5820000000001 0.0
846.784 0.0
846.986 0.0
847.188 0.0
847.39 0.0
847.5920000000001 0.0
847.794 0.0
847.996 0.0
848.198 0.0
848.4 0.0
848.6020000000001 0.0
848.804 0.0
849.0060000000001 0.0
849.208 0.0
849.41 0.0
849.6120000000001 0.0
849.814 0.0
850.0160000000001 0.0
850.218 0.0
850.42 0.0
850.6220000000001 0.0
850.824 0.0
851.0260000000001 0.0
851.228 0.0
851.4300000000001 0.0
851.6320000000001 0.0
851.834 0.0
852.0360000000001 0.0
852.2379999999999 0.0
852.44 0.0
852.642 0.0
852.8439999999999 0.0
853.046 0.0
853.2479999999999 0.0
853.45 0.0
853.652 0.0
853.8539999999999 0.0
854.056 0.0
854.2579999999999 0.0
854.46 0.0
854.662 0.0
854.864 0.0
855.066 0.0
855.2679999999999 0.0
855.47 0.0
855.672 0.0
855.874 0.0
856.076 0.0
856.2779999999999 0.0
856.48 0.0
856.682 0.0
856.884 0.0
857.086 0.0
857.288 0.0
857.49 0.0
857.692 0.0
857.894 0.0
858.096 0.0
858.298 0.0
858.5 0.0
858.702 0.0
858.904 0.0
859.106 0.0
859.308 0.0
859.51 0.0
859.7120000000001 0.0
859.914 0.0
860.116 0.0
860.318 0.0
860.52 0.0
860.7220000000001 0.0
860.924 0.0
861.126 0.0
861.328 0.0
861.53 0.0
861.7320000000001 0.0
861.934 0.0
862.1360000000001 0.0
862.338 0.0
862.54 0.0
862.7420000000001 0.0
862.944 0.0
863.1460000000001 0.0
863.348 0.0
863.55 0.0
863.7520000000001 0.0
863.954 0.0
864.1560000000001 0.0
864.358 0.0
864.5600000000001 0.0
864.7620000000001 0.0
864.9639999999999 0.0
865.166 0.0
865.3679999999999 0.0
865.57 0.0
865.772 0.0
865.9739999999999 0.0
866.176 0.0
866.3779999999999 0.0
866.58 0.0
866.782 0.0
866.984 0.0
867.186 0.0
867.3879999999999 0.0
867.59 0.0
867.792 0.0
867.994 0.0
868.196 0.0
868.3979999999999 0.0
868.6 0.0
868.802 0.0
869.004 0.0
869.206 0.0
869.408 0.0
869.61 0.0
869.812 0.0
870.014 0.0
870.216 0.0
870.418 0.0
870.62 0.0
870.822 0.0
871.024 0.0
871.226 0.0
871.428 0.0
871.63 0.0
871.8320000000001 0.0
872.034 0.0
872.236 0.0
872.438 0.0
872.64 0.0
872.8420000000001 0.0
873.044 0.0
873.246 0.0
873.448 0.0
873.65 0.0
873.8520000000001 0.0
874.054 0.0
874.2560000000001 0.0
874.458 0.0
874.66 0.0
874.8620000000001 0.0
875.064 0.0
875.2660000000001 0.0
875.468 0.0
875.67 0.0
875.8720000000001 0.0
876.074 0.0
876.2760000000001 0.0
876.478 0.0
876.6800000000001 0.0
876.8820000000001 0.0
877.084 0.0
877.2860000000001 0.0
877.4879999999999 0.0
877.69 0.0
877.892 0.0
878.0939999999999 0.0
878.296 0.0
878.4979999999999 0.0
878.7 0.0
878.902 0.0
879.1039999999999 0.0
879.306 0.0
879.5079999999999 0.0
879.71 0.0
879.912 0.0
880.114 0.0
880.316 0.0
880.5179999999999 0.0
880.72 0.0
880.922 0.0
881.124 0.0
881.326 0.0
881.5279999999999 0.0
881.73 0.0
881.932 0.0
882.134 0.0
882.336 0.0
882.538 0.0
882.74 0.0
882.942 0.0
883.144 0.0
883.346 0.0
883.548 0.0
883.75 0.0
883.952 0.0
884.154 0.0
884.356 0.0
884.558 0.0
884.76 0.0
884.9620000000001 0.0
885.164 0.0
885.366 0.0
885.568 0.0
885.77 0.0
885.9720000000001 0.0
886.174 0.0
886.376 0.0
886.578 0.0
886.78 0.0
886.9820000000001 0.0
887.184 0.0
887.3860000000001 0.0
887.588 0.0
887.79 0.0
887.9920000000001 0.0
888.194 0.0
888.3960000000001 0.0
888.598 0.0
888.8 0.0
889.0020000000001 0.0
889.204 0.0
889.4060000000001 0.0
889.608 0.0
889.8100000000001 0.0
890.0120000000001 0.0
890.2139999999999 0.0
890.416 0.0
890.6179999999999 0.0
890.82 0.0
891.022 0.0
891.2239999999999 0.0
891.426 0.0
891.6279999999999 0.0
891.83 0.0
892.032 0.0
892.234 0.0
892.436 0.0
892.6379999999999 0.0
892.84 0.0
893.042 0.0
893.244 0.0
893.446 0.0
893.6479999999999 0.0
893.85 0.0
894.052 0.0
894.254 0.0
894.456 0.0
894.658 0.0
894.86 0.0
895.062 0.0
895.264 0.0
895.466 0.0
895.668 0.0
895.87 0.0
896.072 0.0
896.274 0.0
896.476 0.0
896.678 0.0
896.88 0.0
897.0820000000001 0.0
897.284 0.0
897.486 0.0
897.688 0.0
897.89 0.0
898.0920000000001 0.0
898.294 0.0
898.496 0.0
898.698 0.0
898.9 0.0
899.1020000000001 0.0
899.304 0.0
899.5060000000001 0.0
899.708 0.0
899.91 0.0
900.1120000000001 0.0
900.314 0.0
900.5160000000001 0.0
900.718 0.0
900.92 0.0
901.1220000000001 0.0
901.324 0.0
901.5260000000001 0.0
901.728 0.0
901.9300000000001 0.0
902.1320000000001 0.0
902.334 0.0
902.5360000000001 0.0
902.7379999999999 0.0
902.94 0.0
903.142 0.0
903.3439999999999 0.0
903.546 0.0
903.7479999999999 0.0
903.95 0.0
904.152 0.0
904.3539999999999 0.0
904.556 0.0
904.7579999999999 0.0
904.96 0.0
905.162 0.0
905.364 0.0
905.566 0.0
905.7679999999999 0.0
905.97 0.0
906.172 0.0
906.374 0.0
906.576 0.0
906.7779999999999 0.0
906.98 0.0
907.182 0.0
907.384 0.0
907.586 0.0
907.788 0.0
907.99 0.0
908.192 0.0
908.394 0.0
908.596 0.0
908.798 0.0
909.0 0.0
909.202 0.0
909.404 0.0
909.606 0.0
909.808 0.0
910.01 0.0
910.2120000000001 0.0
910.414 0.0
910.616 0.0
910.818 0.0
911.02 0.0
911.2220000000001 0.0
911.424 0.0
911.626 0.0
911.828 0.0
912.03 0.0
912.2320000000001 0.0
912.434 0.0
912.6360000000001 0.0
912.838 0.0
913.04 0.0
913.2420000000001 0.0
913.444 0.0
913.6460000000001 0.0
913.848 0.0
914.05 0.0
914.2520000000001 0.0
914.454 0.0
914.6560000000001 0.0
914.858 0.0
915.0600000000001 0.0
915.2620000000001 0.0
915.4639999999999 0.0
915.666 0.0
915.8679999999999 0.0
916.07 0.0
916.272 0.0
916.4739999999999 0.0
916.676 0.0
916.8779999999999 0.0
917.08 0.0
917.282 0.0
917.484 0.0
917.686 0.0
917.8879999999999 0.0
918.09 0.0
918.292 0.0
918.494 0.0
918.696 0.0
918.8979999999999 0.0
919.1 0.0
919.302 0.0
919.504 0.0
919.706 0.0
919.908 0.0
920.11 0.0
920.312 0.0
920.514 0.0
920.716 0.0
920.918 0.0
921.12 0.0
921.322 0.0
921.524 0.0
921.726 0.0
921.928 0.0
922.13 0.0
922.3320000000001 0.0
922.534 0.0
922.736 0.0
922.938 0.0
923.14 0.0
923.3420000000001 0.0
923.544 0.0
923.746 0.0
923.948 0.0
924.15 0.0
924.3520000000001 0.0
924.554 0.0
924.7560000000001 0.0
924.958 0.0
925.16 0.0
925.3620000000001 0.0
925.564 0.0
925.7660000000001 0.0
925.968 0.0
926.17 0.0
926.3720000000001 0.0
926.574 0.0
926.7760000000001 0.0
926.978 0.0
927.1800000000001 0.0
927.3820000000001 0.0
927.584 0.0
927.7860000000001 0.0
927.9879999999999 0.0
928.19 0.0
928.392 0.0
928.5939999999999 0.0
928.796 0.0
928.9979999999999 0.0
929.2 0.0
929.402 0.0
929.604 0.0
929.806 0.0
930.0079999999999 0.0
930.21 0.0
930.412 0.0
930.614 0.0
930.816 0.0
931.0179999999999 0.0
931.22 0.0
931.422 0.0
931.624 0.0
931.826 0.0
932.0279999999999 0.0
932.23 0.0
932.432 0.0
932.634 0.0
932.836 0.0
933.038 0.0
933.24 0.0
933.442 0.0
933.644 0.0
933.846 0.0
934.048 0.0
934.25 0.0
934.452 0.0
934.654 0.0
934.856 0.0
935.058 0.0
935.26 0.0
935.4620000000001 0.0
935.664 0.0
935.866 0.0
936.068 0.0
936.27 0.0
936.4720000000001 0.0
936.674 0.0
936.876 0.0
937.078 0.0
937.28 0.0
937.4820000000001 0.0
937.684 0.0
937.8860000000001 0.0
938.088 0.0
938.29 0.0
938.4920000000001 0.0
938.694 0.0
938.8960000000001 0.0
939.098 0.0
939.3 0.0
939.5020000000001 0.0
939.704 0.0
939.9060000000001 0.0
940.108 0.0
940.3100000000001 0.0
940.5120000000001 0.0
940.7139999999999 0.0
940.916 0.0
941.1179999999999 0.0
941.32 0.0
941.522 0.0
941.7239999999999 0.0
941.926 0.0
942.1279999999999 0.0
942.33 0.0
942.532 0.0
942.734 0.0
942.936 0.0
943.1379999999999 0.0
943.34 0.0
943.542 0.0
943.744 0.0
943.946 0.0
944.1479999999999 0.0
944.35 0.0
944.552 0.0
944.754 0.0
944.956 0.0
945.158 0.0
945.36 0.0
945.562 0.0
945.764 0.0
945.966 0.0
946.168 0.0
946.37 0.0
946.572 0.0
946.774 0.0
946.976 0.0
947.178 0.0
947.38 0.0
947.5820000000001 0.0
947.784 0.0
947.986 0.0
948.188 0.0
948.39 0.0
948.5920000000001 0.0
948.794 0.0
948.996 0.0
949.198 0.0
949.4 0.0
949.6020000000001 0.0
949.804 0.0
950.0060000000001 0.0
950.208 0.0
950.41 0.0
950.6120000000001 0.0
950.814 0.0
951.0160000000001 0.0
951.218 0.0
951.42 0.0
951.6220000000001 0.0
951.824 0.0
952.0260000000001 0.0
952.228 0.0
952.4300000000001 0.0
952.6320000000001 0.0
952.834 0.0
953.0360000000001 0.0
953.2379999999999 0.0
953.44 0.0
953.642 0.0
953.8439999999999 0.0
954.046 0.0
954.2479999999999 0.0
954.45 0.0
954.652 0.0
954.854 0.0
955.056 0.0
955.2579999999999 0.0
955.46 0.0
955.662 0.0
955.864 0.0
956.066 0.0
956.2679999999999 0.0
956.47 0.0
956.672 0.0
956.874 0.0
957.076 0.0
957.2779999999999 0.0
957.48 0.0
957.682 0.0
957.884 0.0
958.086 0.0
958.288 0.0
958.49 0.0
958.692 0.0
958.894 0.0
959.096 0.0
959.298 0.0
959.5 0.0
959.702 0.0
959.904 0.0
960.106 0.0
960.308 0.0
960.51 0.0
960.7120000000001 0.0
960.914 0.0
961.116 0.0
961.318 0.0
961.52 0.0
961.7220000000001 0.0
961.924 0.0
962.126 0.0
962.328 0.0
962.53 0.0
962.7320000000001 0.0
962.934 0.0
963.1360000000001 0.0
963.338 0.0
963.54 0.0
963.7420000000001 0.0
963.944 0.0
964.1460000000001 0.0
964.348 0.0
964.55 0.0
964.7520000000001 0.0
964.954 0.0
965.1560000000001 0.0
965.358 0.0
965.5600000000001 0.0
965.7620000000001 0.0
965.9639999999999 0.0
966.166 0.0
966.3679999999999 0.0
966.57 0.0
966.772 0.0
966.9739999999999 0.0
967.176 0.0
967.3779999999999 0.0
967.58 0.0
967.782 0.0
967.984 0.0
968.186 0.0
968.3879999999999 0.0
968.59 0.0
968.792 0.0
968.994 0.0
969.196 0.0
969.3979999999999 0.0
969.6 0.0
969.802 0.0
970.004 0.0
970.206 0.0
970.408 0.0
970.61 0.0
970.812 0.0
971.014 0.0
971.216 0.0
971.418 0.0
971.62 0.0
971.822 0.0
972.024 0.0
972.226 0.0
972.428 0.0
972.63 0.0
972.8320000000001 0.0
973.034 0.0
973.236 0.0
973.438 0.0
973.64 0.0
973.8420000000001 0.0
974.044 0.0
974.246 0.0
974.448 0.0
974.65 0.0
974.8520000000001 0.0
975.054 0.0
975.2560000000001 0.0
975.458 0.0
975.66 0.0
975.8620000000001 0.0
976.064 0.0
976.2660000000001 0.0
976.468 0.0
976.67 0.0
976.8720000000001 0.0
977.074 0.0
977.2760000000001 0.0
977.478 0.0
977.6800000000001 0.0
977.8820000000001 0.0
978.084 0.0
978.2860000000001 0.0
978.4879999999999 0.0
978.69 0.0
978.892 0.0
979.0939999999999 0.0
979.296 0.0
979.4979999999999 0.0
979.7 0.0
979.902 0.0
980.104 0.0
980.306 0.0
980.5079999999999 0.0
980.71 0.0
980.912 0.0
981.114 0.0
981.316 0.0
981.5179999999999 0.0
981.72 0.0
981.922 0.0
982.124 0.0
982.326 0.0
982.5279999999999 0.0
982.73 0.0
982.932 0.0
983.134 0.0
983.336 0.0
983.538 0.0
983.74 0.0
983.942 0.0
984.144 0.0
984.346 0.0
984.548 0.0
984.75 0.0
984.952 0.0
985.154 0.0
985.356 0.0
985.558 0.0
985.76 0.0
985.9620000000001 0.0
986.164 0.0
986.366 0.0
986.568 0.0
986.77 0.0
986.9720000000001 0.0
987.174 0.0
987.376 0.0
987.578 0.0
987.78 0.0
987.9820000000001 0.0
988.184 0.0
988.3860000000001 0.0
988.588 0.0
988.79 0.0
988.9920000000001 0.0
989.194 0.0
989.3960000000001 0.0
989.598 0.0
989.8 0.0
990.0020000000001 0.0
990.204 0.0
990.4060000000001 0.0
990.608 0.0
990.8100000000001 0.0
991.0120000000001 0.0
991.2139999999999 0.0
991.416 0.0
991.6179999999999 0.0
991.82 0.0
992.022 0.0
992.2239999999999 0.0
992.426 0.0
992.6279999999999 0.0
992.83 0.0
993.032 0.0
993.234 0.0
993.436 0.0
993.6379999999999 0.0
993.84 0.0
994.042 0.0
994.244 0.0
994.446 0.0
994.6479999999999 0.0
994.85 0.0
995.052 0.0
995.254 0.0
995.456 0.0
995.658 0.0
995.86 0.0
996.062 0.0
996.264 0.0
996.466 0.0
996.668 0.0
996.87 0.0
997.072 0.0
997.274 0.0
997.476 0.0
997.678 0.0
997.88 0.0
998.0820000000001 0.0
998.284 0.0
998.486 0.0
998.688 0.0
998.89 0.0
999.0920000000001 0.0
999.294 0.0
999.496 0.0
999.698 0.0
999.9 0.0
1000.1020000000001 0.0
1000.304 0.0
1000.5060000000001 0.0
1000.708 0.0
1000.91 0.0
1001.1120000000001 0.0
1001.314 0.0
1001.5160000000001 0.0
1001.718 0.0
1001.92 0.0
1002.1220000000001 0.0
1002.324 0.0
1002.5260000000001 0.0
1002.728 0.0
1002.9300000000001 0.0
1003.1320000000001 0.0
1003.334 0.0
1003.5360000000001 0.0
1003.7379999999999 0.0
1003.94 0.0
1004.142 0.0
1004.3439999999999 0.0
1004.546 0.0
1004.7479999999999 0.0
1004.95 0.0
1005.152 0.0
1005.354 0.0
1005.556 0.0
1005.7579999999999 0.0
1005.96 0.0
1006.162 0.0
1006.364 0.0
1006.566 0.0
1006.7679999999999 0.0
1006.97 0.0
1007.172 0.0
1007.374 0.0
1007.576 0.0
1007.7779999999999 0.0
1007.98 0.0
1008.182 0.0
1008.384 0.0
1008.586 0.0
1008.788 0.0
1008.99 0.0
1009.192 0.0
1009.394 0.0
1009.596 0.0
1009.798 0.0
1010.0 0.0
1010.202 0.0
1010.404 0.0
1010.606 0.0
1010.808 0.0
1011.01 0.0
1011.2120000000001 0.0
1011.414 0.0
1011.616 0.0
1011.818 0.0
1012.02 0.0
1012.2220000000001 0.0
1012.424 0.0
1012.626 0.0
1012.828 0.0
1013.03 0.0
1013.2320000000001 0.0
1013.434 0.0
1013.6360000000001 0.0
1013.838 0.0
1014.04 0.0
1014.2420000000001 0.0
1014.444 0.0
1014.6460000000001 0.0
1014.848 0.0
1015.05 0.0
1015.2520000000001 0.0
1015.454 0.0
1015.6560000000001 0.0
1015.858 0.0
1016.0600000000001 0.0
1016.2620000000001 0.0
1016.4639999999999 0.0
1016.666 0.0
1016.8679999999999 0.0
1017.07 0.0
1017.272 0.0
1017.4739999999999 0.0
1017.676 0.0
1017.8779999999999 0.0
1018.08 0.0
1018.282 0.0
1018.484 0.0
1018.686 0.0
1018.8879999999999 0.0
1019.09 0.0
1019.292 0.0
1019.494 0.0
1019.696 0.0
1019.8979999999999 0.0
1020.1 0.0
1020.302 0.0
1020.504 0.0
1020.706 0.0
1020.908 0.0
1021.11 0.0
1021.312 0.0
1021.514 0.0
1021.716 0.0
1021.918 0.0
1022.12 0.0
1022.322 0.0
1022.524 0.0
1022.726 0.0
1022.928 0.0
1023.13 0.0
1023.3320000000001 0.0
1023.534 0.0
1023.736 0.0
1023.938 0.0
1024.14 0.0
1024.342 0.0
1024.544 0.0
1024.746 0.0
1024.9479999999999 0.0
1025.15 0.0
1025.352 0.0
1025.554 0.0
1025.756 0.0
1025.9579999999999 0.0
1026.16 0.0
1026.362 0.0
1026.564 0.0
1026.766 0.0
1026.968 0.0
1027.17 0.0
1027.372 0.0
1027.574 0.0
1027.776 0.0
1027.978 0.0
1028.18 0.0
1028.382 0.0
1028.584 0.0
1028.786 0.0
1028.988 0.0
1029.19 0.0
1029.392 0.0
1029.594 0.0
1029.796 0.0
1029.998 0.0
1030.2 0.0
1030.402 0.0
1030.604 0.0
1030.806 0.0
1031.008 0.0
1031.21 0.0
1031.412 0.0
1031.614 0.0
1031.816 0.0
1032.018 0.0
1032.22 0.0
1032.422 0.0
1032.624 0.0
1032.826 0.0
1033.028 0.0
1033.23 0.0
1033.432 0.0
1033.634 0.0
1033.836 0.0
1034.038 0.0
1034.24 0.0
1034.442 0.0
1034.644 0.0
1034.846 0.0
1035.048 0.0
1035.25 0.0
1035.452 0.0
1035.654 0.0
1035.856 0.0
1036.058 0.0
1036.26 0.0
1036.462 0.0
1036.6640000000002 0.0
1036.866 0.0
1037.068 0.0
1037.27 0.0
1037.472 0.0
1037.6740000000002 0.0
1037.876 0.0
1038.078 0.0
1038.28 0.0
1038.482 0.0
1038.6840000000002 0.0
1038.886 0.0
1039.088 0.0
1039.29 0.0
1039.492 0.0
1039.6940000000002 0.0
1039.896 0.0
1040.098 0.0
1040.3 0.0
1040.502 0.0
1040.7040000000002 0.0
1040.906 0.0
1041.108 0.0
1041.31 0.0
1041.512 0.0
1041.7140000000002 0.0
1041.916 0.0
1042.118 0.0
1042.32 0.0
1042.5220000000002 0.0
1042.7240000000002 0.0
1042.926 0.0
1043.128 0.0
1043.33 0.0
1043.5320000000002 0.0
1043.7340000000002 0.0
1043.936 0.0
1044.138 0.0
1044.34 0.0
1044.5420000000001 0.0
1044.7440000000001 0.0
1044.946 0.0
1045.148 0.0
1045.35 0.0
1045.5520000000001 0.0
1045.7540000000001 0.0
1045.956 0.0
1046.158 0.0
1046.36 0.0
1046.5620000000001 0.0
1046.7640000000001 0.0
1046.966 0.0
1047.168 0.0
1047.3700000000001 0.0
1047.5720000000001 0.0
1047.7740000000001 0.0
1047.9759999999999 0.0
1048.1779999999999 0.0
1048.38 0.0
1048.582 0.0
1048.784 0.0
1048.9859999999999 0.0
1049.1879999999999 0.0
1049.39 0.0
1049.592 0.0
1049.794 0.0
1049.9959999999999 0.0
1050.1979999999999 0.0
1050.4 0.0
1050.602 0.0
1050.804 0.0
1051.0059999999999 0.0
1051.2079999999999 0.0
1051.41 0.0
1051.612 0.0
1051.814 0.0
1052.0159999999998 0.0
1052.218 0.0
1052.42 0.0
1052.622 0.0
1052.824 0.0
1053.0259999999998 0.0
1053.228 0.0
1053.43 0.0
1053.632 0.0
1053.834 0.0
1054.0359999999998 0.0
1054.238 0.0
1054.44 0.0
1054.642 0.0
1054.844 0.0
1055.0459999999998 0.0
1055.248 0.0
1055.45 0.0
1055.652 0.0
1055.854 0.0
1056.0559999999998 0.0
1056.258 0.0
1056.46 0.0
1056.662 0.0
1056.864 0.0
1057.066 0.0
1057.268 0.0
1057.47 0.0
1057.672 0.0
1057.874 0.0
1058.076 0.0
1058.278 0.0
1058.48 0.0
1058.682 0.0
1058.884 0.0
1059.086 0.0
1059.288 0.0
1059.49 0.0
1059.692 0.0
1059.894 0.0
1060.096 0.0
1060.298 0.0
1060.5 0.0
1060.702 0.0
1060.904 0.0
1061.106 0.0
1061.308 0.0
1061.51 0.0
1061.712 0.0
1061.9140000000002 0.0
1062.116 0.0
1062.318 0.0
1062.52 0.0
1062.722 0.0
1062.9240000000002 0.0
1063.126 0.0
1063.328 0.0
1063.53 0.0
1063.732 0.0
1063.9340000000002 0.0
1064.136 0.0
1064.338 0.0
1064.54 0.0
1064.742 0.0
1064.9440000000002 0.0
1065.146 0.0
1065.348 0.0
1065.55 0.0
1065.752 0.0
1065.9540000000002 0.0
1066.156 0.0
1066.358 0.0
1066.56 0.0
1066.762 0.0
1066.9640000000002 0.0
1067.166 0.0
1067.368 0.0
1067.57 0.0
1067.7720000000002 0.0
1067.9740000000002 0.0
1068.176 0.0
1068.378 0.0
1068.58 0.0
1068.7820000000002 0.0
1068.9840000000002 0.0
1069.186 0.0
1069.388 0.0
1069.59 0.0
1069.7920000000001 0.0
1069.9940000000001 0.0
1070.196 0.0
1070.398 0.0
1070.6 0.0
1070.8020000000001 0.0
1071.0040000000001 0.0
1071.206 0.0
1071.408 0.0
1071.61 0.0
1071.8120000000001 0.0
1072.0140000000001 0.0
1072.216 0.0
1072.418 0.0
1072.6200000000001 0.0
1072.8220000000001 0.0
1073.0240000000001 0.0
1073.2259999999999 0.0
1073.4279999999999 0.0
1073.63 0.0
1073.832 0.0
1074.034 0.0
1074.2359999999999 0.0
1074.4379999999999 0.0
1074.64 0.0
1074.842 0.0
1075.044 0.0
1075.2459999999999 0.0
1075.4479999999999 0.0
1075.65 0.0
1075.852 0.0
1076.054 0.0
1076.2559999999999 0.0
1076.4579999999999 0.0
1076.66 0.0
1076.862 0.0
1077.064 0.0
1077.2659999999998 0.0
1077.468 0.0
1077.67 0.0
1077.872 0.0
1078.074 0.0
1078.2759999999998 0.0
1078.478 0.0
1078.68 0.0
1078.882 0.0
1079.084 0.0
1079.2859999999998 0.0
1079.488 0.0
1079.69 0.0
1079.892 0.0
1080.094 0.0
1080.2959999999998 0.0
1080.498 0.0
1080.7 0.0
1080.902 0.0
1081.104 0.0
1081.3059999999998 0.0
1081.508 0.0
1081.71 0.0
1081.912 0.0
1082.114 0.0
1082.316 0.0
1082.518 0.0
1082.72 0.0
1082.922 0.0
1083.124 0.0
1083.326 0.0
1083.528 0.0
1083.73 0.0
1083.932 0.0
1084.134 0.0
1084.336 0.0
1084.538 0.0
1084.74 0.0
1084.942 0.0
1085.144 0.0
1085.346 0.0
1085.548 0.0
1085.75 0.0
1085.952 0.0
1086.154 0.0
1086.356 0.0
1086.558 0.0
1086.76 0.0
1086.962 0.0
1087.1640000000002 0.0
1087.366 0.0
1087.568 0.0
1087.77 0.0
1087.972 0.0
1088.1740000000002 0.0
1088.376 0.0
1088.578 0.0
1088.78 0.0
1088.982 0.0
1089.1840000000002 0.0
1089.386 0.0
1089.588 0.0
1089.79 0.0
1089.992 0.0
1090.1940000000002 0.0
1090.396 0.0
1090.598 0.0
1090.8 0.0
1091.002 0.0
1091.2040000000002 0.0
1091.406 0.0
1091.608 0.0
1091.81 0.0
1092.012 0.0
1092.2140000000002 0.0
1092.416 0.0
1092.618 0.0
1092.82 0.0
1093.0220000000002 0.0
1093.2240000000002 0.0
1093.426 0.0
1093.628 0.0
1093.83 0.0
1094.0320000000002 0.0
1094.2340000000002 0.0
1094.436 0.0
1094.638 0.0
1094.84 0.0
1095.0420000000001 0.0
1095.2440000000001 0.0
1095.446 0.0
1095.648 0.0
1095.85 0.0
1096.0520000000001 0.0
1096.2540000000001 0.0
1096.456 0.0
1096.658 0.0
1096.86 0.0
1097.0620000000001 0.0
1097.2640000000001 0.0
1097.466 0.0
1097.668 0.0
1097.8700000000001 0.0
1098.0720000000001 0.0
1098.2740000000001 0.0
1098.4759999999999 0.0
1098.6779999999999 0.0
1098.88 0.0
1099.082 0.0
1099.284 0.0
1099.4859999999999 0.0
1099.6879999999999 0.0
1099.89 0.0
1100.092 0.0
1100.294 0.0
1100.4959999999999 0.0
1100.6979999999999 0.0
1100.9 0.0
1101.102 0.0
1101.304 0.0
1101.5059999999999 0.0
1101.7079999999999 0.0
1101.91 0.0
1102.112 0.0
1102.314 0.0
1102.5159999999998 0.0
1102.718 0.0
1102.92 0.0
1103.122 0.0
1103.324 0.0
1103.5259999999998 0.0
1103.728 0.0
1103.93 0.0
1104.132 0.0
1104.334 0.0
1104.5359999999998 0.0
1104.738 0.0
1104.94 0.0
1105.142 0.0
1105.344 0.0
1105.5459999999998 0.0
1105.748 0.0
1105.95 0.0
1106.152 0.0
1106.354 0.0
1106.5559999999998 0.0
1106.758 0.0
1106.96 0.0
1107.162 0.0
1107.364 0.0
1107.566 0.0
1107.768 0.0
1107.97 0.0
1108.172 0.0
1108.374 0.0
1108.576 0.0
1108.778 0.0
1108.98 0.0
1109.182 0.0
1109.384 0.0
1109.586 0.0
1109.788 0.0
1109.99 0.0
1110.192 0.0
1110.394 0.0
1110.596 0.0
1110.798 0.0
1111.0 0.0
1111.202 0.0
1111.404 0.0
1111.606 0.0
1111.808 0.0
1112.01 0.0
1112.212 0.0
1112.4140000000002 0.0
1112.616 0.0
1112.818 0.0
1113.02 0.0
1113.222 0.0
1113.4240000000002 0.0
1113.626 0.0
1113.828 0.0
1114.03 0.0
1114.232 0.0
1114.4340000000002 0.0
1114.636 0.0
1114.838 0.0
1115.04 0.0
1115.242 0.0
1115.4440000000002 0.0
1115.646 0.0
1115.848 0.0
1116.05 0.0
1116.252 0.0
1116.4540000000002 0.0
1116.656 0.0
1116.858 0.0
1117.06 0.0
1117.262 0.0
1117.4640000000002 0.0
1117.666 0.0
1117.868 0.0
1118.07 0.0
1118.2720000000002 0.0
1118.4740000000002 0.0
1118.676 0.0
1118.878 0.0
1119.08 0.0
1119.2820000000002 0.0
1119.4840000000002 0.0
1119.686 0.0
1119.888 0.0
1120.09 0.0
1120.2920000000001 0.0
1120.4940000000001 0.0
1120.696 0.0
1120.898 0.0
1121.1 0.0
1121.3020000000001 0.0
1121.5040000000001 0.0
1121.706 0.0
1121.908 0.0
1122.11 0.0
1122.3120000000001 0.0
1122.5140000000001 0.0
1122.716 0.0
1122.918 0.0
1123.1200000000001 0.0
1123.3220000000001 0.0
1123.5240000000001 0.0
1123.7259999999999 0.0
1123.9279999999999 0.0
1124.13 0.0
1124.332 0.0
1124.534 0.0
1124.7359999999999 0.0
1124.9379999999999 0.0
1125.14 0.0
1125.342 0.0
1125.544 0.0
1125.7459999999999 0.0
1125.9479999999999 0.0
1126.15 0.0
1126.352 0.0
1126.554 0.0
1126.7559999999999 0.0
1126.9579999999999 0.0
1127.16 0.0
1127.362 0.0
1127.564 0.0
1127.7659999999998 0.0
1127.968 0.0
1128.17 0.0
1128.372 0.0
1128.574 0.0
1128.7759999999998 0.0
1128.978 0.0
1129.18 0.0
1129.382 0.0
1129.584 0.0
1129.7859999999998 0.0
1129.988 0.0
1130.19 0.0
1130.392 0.0
1130.594 0.0
1130.7959999999998 0.0
1130.998 0.0
1131.2 0.0
1131.402 0.0
1131.604 0.0
1131.8059999999998 0.0
1132.008 0.0
1132.21 0.0
1132.412 0.0
1132.614 0.0
1132.816 0.0
1133.018 0.0
1133.22 0.0
1133.422 0.0
1133.624 0.0
1133.826 0.0
1134.028 0.0
1134.23 0.0
1134.432 0.0
1134.634 0.0
1134.836 0.0
1135.038 0.0
1135.24 0.0
1135.442 0.0
1135.644 0.0
1135.846 0.0
1136.048 0.0
1136.25 0.0
1136.452 0.0
1136.654 0.0
1136.856 0.0
1137.058 0.0
1137.26 0.0
1137.462 0.0
1137.6640000000002 0.0
1137.866 0.0
1138.068 0.0
1138.27 0.0
1138.472 0.0
1138.6740000000002 0.0
1138.876 0.0
1139.078 0.0
1139.28 0.0
1139.482 0.0
1139.6840000000002 0.0
1139.886 0.0
1140.088 0.0
1140.29 0.0
1140.492 0.0
1140.6940000000002 0.0
1140.896 0.0
1141.098 0.0
1141.3 0.0
1141.502 0.0
1141.7040000000002 0.0
1141.906 0.0
1142.108 0.0
1142.31 0.0
1142.512 0.0
1142.7140000000002 0.0
1142.916 0.0
1143.118 0.0
1143.32 0.0
1143.5220000000002 0.0
1143.7240000000002 0.0
1143.926 0.0
1144.128 0.0
1144.33 0.0
1144.5320000000002 0.0
1144.7340000000002 0.0
1144.936 0.0
1145.138 0.0
1145.34 0.0
1145.5420000000001 0.0
1145.7440000000001 0.0
1145.946 0.0
1146.148 0.0
1146.35 0.0
1146.5520000000001 0.0
1146.7540000000001 0.0
1146.956 0.0
1147.158 0.0
1147.36 0.0
1147.5620000000001 0.0
1147.7640000000001 0.0
1147.966 0.0
1148.168 0.0
1148.3700000000001 0.0
1148.5720000000001 0.0
1148.7740000000001 0.0
1148.9759999999999 0.0
1149.1779999999999 0.0
1149.38 0.0
1149.582 0.0
1149.784 0.0
1149.9859999999999 0.0
1150.1879999999999 0.0
1150.39 0.0
1150.592 0.0
1150.794 0.0
1150.9959999999999 0.0
1151.1979999999999 0.0
1151.4 0.0
1151.602 0.0
1151.804 0.0
1152.0059999999999 0.0
1152.2079999999999 0.0
1152.41 0.0
1152.612 0.0
1152.814 0.0
1153.0159999999998 0.0
1153.218 0.0
1153.42 0.0
1153.622 0.0
1153.824 0.0
1154.0259999999998 0.0
1154.228 0.0
1154.43 0.0
1154.632 0.0
1154.834 0.0
1155.0359999999998 0.0
1155.238 0.0
1155.44 0.0
1155.642 0.0
1155.844 0.0
1156.0459999999998 0.0
1156.248 0.0
1156.45 0.0
1156.652 0.0
1156.854 0.0
1157.0559999999998 0.0
1157.258 0.0
1157.46 0.0
1157.662 0.0
1157.864 0.0
1158.066 0.0
1158.268 0.0
1158.47 0.0
1158.672 0.0
1158.874 0.0
1159.076 0.0
1159.278 0.0
1159.48 0.0
1159.682 0.0
1159.884 0.0
1160.086 0.0
1160.288 0.0
1160.49 0.0
1160.692 0.0
1160.894 0.0
1161.096 0.0
1161.298 0.0
1161.5 0.0
1161.702 0.0
1161.904 0.0
1162.106 0.0
1162.308 0.0
1162.51 0.0
1162.712 0.0
1162.9140000000002 0.0
1163.116 0.0
1163.318 0.0
1163.52 0.0
1163.722 0.0
1163.9240000000002 0.0
1164.126 0.0
1164.328 0.0
1164.53 0.0
1164.732 0.0
1164.9340000000002 0.0
1165.136 0.0
1165.338 0.0
1165.54 0.0
1165.742 0.0
1165.9440000000002 0.0
1166.146 0.0
1166.348 0.0
1166.55 0.0
1166.752 0.0
1166.9540000000002 0.0
1167.156 0.0
1167.358 0.0
1167.56 0.0
1167.762 0.0
1167.9640000000002 0.0
1168.166 0.0
1168.368 0.0
1168.57 0.0
1168.7720000000002 0.0
1168.9740000000002 0.0
1169.176 0.0
1169.378 0.0
1169.58 0.0
1169.7820000000002 0.0
1169.9840000000002 0.0
1170.186 0.0
1170.388 0.0
1170.59 0.0
1170.7920000000001 0.0
1170.9940000000001 0.0
1171.196 0.0
1171.398 0.0
1171.6 0.0
1171.8020000000001 0.0
1172.0040000000001 0.0
1172.206 0.0
1172.408 0.0
1172.61 0.0
1172.8120000000001 0.0
1173.0140000000001 0.0
1173.216 0.0
1173.418 0.0
1173.6200000000001 0.0
1173.8220000000001 0.0
1174.0240000000001 0.0
1174.2259999999999 0.0
1174.4279999999999 0.0
1174.63 0.0
1174.832 0.0
1175.034 0.0
1175.2359999999999 0.0
1175.4379999999999 0.0
1175.64 0.0
1175.842 0.0
1176.044 0.0
1176.2459999999999 0.0
1176.4479999999999 0.0
1176.65 0.0
1176.852 0.0
1177.054 0.0
1177.2559999999999 0.0
1177.4579999999999 0.0
1177.66 0.0
1177.862 0.0
1178.064 0.0
1178.2659999999998 0.0
1178.468 0.0
1178.67 0.0
1178.872 0.0
1179.074 0.0
1179.2759999999998 0.0
1179.478 0.0
1179.68 0.0
1179.882 0.0
1180.084 0.0
1180.2859999999998 0.0
1180.488 0.0
1180.69 0.0
1180.892 0.0
1181.094 0.0
1181.2959999999998 0.0
1181.498 0.0
1181.7 0.0
1181.902 0.0
1182.104 0.0
1182.3059999999998 0.0
1182.508 0.0
1182.71 0.0
1182.912 0.0
1183.114 0.0
1183.316 0.0
1183.518 0.0
1183.72 0.0
1183.922 0.0
1184.124 0.0
1184.326 0.0
1184.528 0.0
1184.73 0.0
1184.932 0.0
1185.134 0.0
1185.336 0.0
1185.538 0.0
1185.74 0.0
1185.942 0.0
1186.144 0.0
1186.346 0.0
1186.548 0.0
1186.75 0.0
1186.952 0.0
1187.154 0.0
1187.356 0.0
1187.558 0.0
1187.76 0.0
1187.962 0.0
1188.1640000000002 0.0
1188.366 0.0
1188.568 0.0
1188.77 0.0
1188.972 0.0
1189.1740000000002 0.0
1189.376 0.0
1189.578 0.0
1189.78 0.0
1189.982 0.0
1190.1840000000002 0.0
1190.386 0.0
1190.588 0.0
1190.79 0.0
1190.992 0.0
1191.1940000000002 0.0
1191.396 0.0
1191.598 0.0
1191.8 0.0
1192.002 0.0
1192.2040000000002 0.0
1192.406 0.0
1192.608 0.0
1192.81 0.0
1193.012 0.0
1193.2140000000002 0.0
1193.416 0.0
1193.618 0.0
1193.82 0.0
1194.0220000000002 0.0
1194.2240000000002 0.0
1194.426 0.0
1194.628 0.0
1194.83 0.0
1195.0320000000002 0.0
1195.2340000000002 0.0
1195.436 0.0
1195.638 0.0
1195.84 0.0
1196.0420000000001 0.0
1196.2440000000001 0.0
1196.446 0.0
1196.648 0.0
1196.85 0.0
1197.0520000000001 0.0
1197.2540000000001 0.0
1197.456 0.0
1197.658 0.0
1197.86 0.0
1198.0620000000001 0.0
1198.2640000000001 0.0
1198.466 0.0
1198.668 0.0
1198.8700000000001 0.0
1199.0720000000001 0.0
1199.2740000000001 0.0
1199.4759999999999 0.0
1199.6779999999999 0.0
1199.88 0.0
1200.082 0.0
1200.284 0.0
1200.4859999999999 0.0
1200.6879999999999 0.0
1200.89 0.0
1201.092 0.0
1201.294 0.0
1201.4959999999999 0.0
1201.6979999999999 0.0
1201.9 0.0
1202.102 0.0
1202.304 0.0
1202.5059999999999 0.0
1202.7079999999999 0.0
1202.91 0.0
1203.112 0.0
1203.314 0.0
1203.5159999999998 0.0
1203.718 0.0
1203.92 0.0
1204.122 0.0
1204.324 0.0
1204.5259999999998 0.0
1204.728 0.0
1204.93 0.0
1205.132 0.0
1205.334 0.0
1205.5359999999998 0.0
1205.738 0.0
1205.94 0.0
1206.142 0.0
1206.344 0.0
1206.5459999999998 0.0
1206.748 0.0
1206.95 0.0
1207.152 0.0
1207.354 0.0
1207.5559999999998 0.0
1207.758 0.0
1207.96 0.0
1208.162 0.0
1208.364 0.0
1208.566 0.0
1208.768 0.0
1208.97 0.0
1209.172 0.0
1209.374 0.0
1209.576 0.0
1209.778 0.0
1209.98 0.0
1210.182 0.0
1210.384 0.0
1210.586 0.0
1210.788 0.0
1210.99 0.0
1211.192 0.0
1211.394 0.0
1211.596 0.0
1211.798 0.0
